#World - Test World
#Cell - 0,0
2,286.96666666666664,301.53333333333336,289.2,296.56666666666666
2,289.2,296.56666666666666,292.3666666666667,294.56666666666666
2,292.3666666666667,294.6,299.76666666666665,293.8
2,299.76666666666665,293.8,308.06666666666666,294.93333333333334
2,308.06666666666666,294.93333333333334,312.5,298.73333333333335
2,312.5,298.8,313.0,303.93333333333334
2,312.6333333333333,300.3,304.8333333333333,300.2
2,309.56666666666666,303.03333333333336,300.76666666666665,303.0
2,305.6666666666667,306.0,313.4,305.8333333333333
2,310.3333333333333,308.2,297.8666666666667,308.4
4,293.06666666666666,294.46666666666664
4,300.4,293.8
4,308.06666666666666,294.93333333333334
4,305.93333333333334,294.56666666666666
4,305.8333333333333,300.06666666666666
4,301.1666666666667,302.8666666666667
4,312.9,305.7
4,298.1333333333333,308.4
4,301.2,308.26666666666665
