#World - Test World
#Cell - 0,0
2,-13.6,-1.9666666666666666,-10.566666666666666,-4.266666666666667
2,-10.566666666666666,-4.266666666666667,-8.633333333333333,-4.233333333333333
2,-8.633333333333333,-4.233333333333333,-6.233333333333333,-7.1
2,-6.233333333333333,-7.1,-0.7333333333333334,-6.866666666666666
2,-0.7333333333333333,-6.866666666666666,3.066666666666667,-9.1
2,3.066666666666667,-9.1,9.933333333333334,-6.533333333333333
2,9.933333333333334,-6.533333333333333,11.366666666666667,-0.09999999999999964
2,11.366666666666667,-0.16666666666666666,13.266666666666667,-0.16666666666666666
2,-7.166666666666667,-4.0,-5.633333333333334,-2.8666666666666667
2,-5.633333333333334,-2.8666666666666667,-1.0333333333333332,-2.566666666666667
2,0.7666666666666667,-1.5333333333333334,-0.9666666666666667,-2.566666666666667
2,0.8,-1.5333333333333334,5.566666666666666,-1.1666666666666667
2,3.933333333333333,-3.9,9.0,-3.966666666666667
2,11.833333333333334,2.3333333333333335,2.9333333333333336,2.433333333333333
4,-9.666666666666666,-4.2
4,-4.066666666666666,-6.97
4,-0.8666666666666667,-6.83
4,9.933333333333334,-6.53
4,9.133333333333333,-6.866666666666666
4,11.933333333333334,-0.16666666666666666
4,10.533333333333333,2.3666666666666667
4,7.2,2.433333333333333
4,2.933333333333333,2.466666666666667
4,5.4,-1.2333333333333334
4,-1.0333333333333334,-2.566666666666667
4,-5.5,-2.966666666666667
